DateTime: 18-02-2024_14;30
Epochs: 100
Learning Rate: 0.001
Optimizer: <class 'torch.optim.adam.Adam'>
Loss Function: BCELoss()
Train Losses: [0.641402987241745, 0.5793338334560394, 0.5535871827602387, 0.5558747518062591, 0.5621729660034179, 0.5406054210662842, 0.5371168053150177, 0.5600394344329834, 0.5438382256031037, 0.5312669909000397, 0.5337180435657501, 0.5400414764881134, 0.5291281986236572, 0.5455949759483337, 0.538408055305481, 0.5159355568885803, 0.5114204835891724, 0.5026649034023285, 0.48290117263793947, 0.4723426127433777, 0.47975277304649355, 0.43834012389183047, 0.4433238613605499, 0.4885410332679749, 0.45305793404579164, 0.4239132088422775, 0.3997972708940506, 0.403892388343811, 0.43296018600463865, 0.4006604814529419, 0.4072039407491684, 0.3728610950708389, 0.4070962065458298, 0.44871100306510925, 0.42681215643882753, 0.409665749669075, 0.4033102148771286, 0.3807535243034363, 0.3621295714378357, 0.38896870374679565, 0.36725366026163103, 0.3819415694475174, 0.36202475130558015, 0.37473392248153686, 0.36543863236904145, 0.37035585165023804, 0.38132081508636473, 0.38195587038993833, 0.37911519050598147, 0.357163211107254, 0.34998805314302445, 0.3591247260570526, 0.3752391129732132, 0.36655632853507997, 0.3754693579673767, 0.3576927787065506, 0.3777711182832718, 0.3883910119533539, 0.365714995265007, 0.3397867465019226, 0.3441281753778458, 0.37372757256031036, 0.3672368425130844, 0.35333873212337497, 0.34683373391628264, 0.3368141961097717, 0.33406914830207823, 0.3444599896669388, 0.33542073249816895, 0.34480333685874937, 0.35641191303730013, 0.36908642649650575, 0.3237238746881485, 0.3478568470478058, 0.3411060720682144, 0.3434816700220108, 0.3432362389564514, 0.32614273220300677, 0.33828695058822633, 0.3430189633369446, 0.33018494486808775, 0.33107505142688753, 0.3206863138079643, 0.31753138661384583, 0.31515209466218946, 0.34265938997268675, 0.31856824219226837, 0.3421198093891144, 0.3460685348510742, 0.3227265831828117, 0.3238964891433716, 0.32436349511146545, 0.3219641005992889, 0.3063846457004547, 0.4192581808567047, 0.36555530548095705, 0.327368546128273, 0.30436019480228427, 0.3279855930805206, 0.3168391275405884]
Test Losses: [0.6055672287940979, 0.575739860534668, 0.6183688402175903, 0.594145655632019, 0.6037963628768921, 0.6391092419624329, 0.753963577747345, 0.5557032525539398, 0.5772825479507446, 0.5628511309623718, 0.6119760751724244, 0.5256917238235473, 0.5370428442955018, 0.6628641366958619, 0.5056947469711304, 0.5738994002342224, 0.545122504234314, 0.5156217753887177, 0.5546424388885498, 0.5052685260772705, 0.5703554630279541, 0.48186916708946226, 0.5625936150550842, 0.5803660690784455, 0.4900490760803223, 0.5314733386039734, 0.5957934498786926, 0.4527632713317871, 0.5114834308624268, 0.5535766959190369, 0.48976886868476865, 0.605622160434723, 0.5761279821395874, 0.5892425179481506, 0.5329171419143677, 0.45219787657260896, 0.464234721660614, 0.5072447061538696, 0.5352168381214142, 0.42231816351413726, 0.4640972167253494, 0.47736806273460386, 0.6537622570991516, 0.5518353700637817, 0.6533664584159851, 0.49704560041427615, 0.7344868779182434, 0.458920818567276, 0.4382865488529205, 0.4558367937803268, 0.5323287725448609, 0.5348183274269104, 0.5505885124206543, 0.5375937521457672, 0.4162485033273697, 0.5524218261241913, 0.5623173534870147, 0.4658860325813293, 0.5728284418582916, 0.5423270344734192, 0.5910959005355835, 0.5682673454284668, 0.48386184573173524, 0.5981145143508911, 0.5075281977653503, 0.6376411736011505, 0.45876323282718656, 0.6472257852554322, 0.49302791655063627, 0.5758137941360474, 0.46801638007164004, 0.5730006158351898, 0.559106171131134, 0.476582008600235, 0.5932794451713562, 0.5697500348091126, 0.5329813778400421, 0.531105688214302, 0.5577915251255036, 0.450751981139183, 0.5271061956882477, 0.5238204419612884, 0.570995980501175, 0.6220262289047241, 0.4942134231328964, 0.5541215658187866, 0.5271825909614563, 0.5112178921699524, 0.6951122522354126, 0.8539024293422699, 0.5347858607769013, 0.6213381141424179, 0.4947414338588715, 0.9445071578025818, 0.5888146758079529, 0.5048487901687622, 0.6121792674064637, 0.5276619493961334, 0.777460715174675, 0.5144345462322235]

Architecture: 
SimpleModel(
  (activation_function): ELU(alpha=1.0)
  (last_layer_acivation_function): Sigmoid()
  (linear_1): Linear(in_features=11, out_features=64, bias=True)
  (linear_2): Linear(in_features=64, out_features=255, bias=True)
  (linear_3): Linear(in_features=255, out_features=64, bias=True)
  (linear_4): Linear(in_features=64, out_features=255, bias=True)
  (linear_5): Linear(in_features=255, out_features=128, bias=True)
  (linear_6): Linear(in_features=128, out_features=64, bias=True)
  (linear_7): Linear(in_features=64, out_features=32, bias=True)
  (linear_8): Linear(in_features=32, out_features=1, bias=True)
)